%YAML:1.0
---
WeightsT: !!opencv-matrix
   rows: 105
   cols: 30
   dt: f
   data: [ -2.38129822e+02, -1.32341675e+03, 7.55812061e+03,
       4.30100635e+03, 7.11625293e+03, 5.25998486e+03, -4.98104523e+02,
       -1.09390271e+03, -5.81203174e+03, -5.01188428e+03,
       -5.09982666e+02, -4.10825244e+03, 3.70984421e+01, 8.69623535e+03,
       2.28751636e+03, 2.49723242e+03, 1.30343347e+03, -1.37020081e+03,
       -1.93609827e+03, -4.21165009e+02, -4.65798486e+03,
       -1.05449883e+04, -2.04167126e+03, -7.06998438e+03, 5.76686279e+03,
       6.54596533e+03, -9.93731873e+02, -2.47410107e+03, 5.63973096e+03,
       6.12188281e+03, -5.69261963e+03, 1.53549438e+03, -1.35202710e+03,
       -3.11414624e+03, -5.41927002e+03, -8.20917908e+02,
       -1.41902704e+01, 1.61002083e+01, 6.10070703e+03, 9.11848340e+03,
       -6.69157910e+03, -4.29552441e+03, 2.25571945e+02, -1.75884338e+03,
       4.19734924e+02, -4.36886292e+02, 6.48168799e+03, 7.08117920e+03,
       -3.90514502e+03, -2.39279126e+03, -1.56251826e+04,
       -1.01104277e+04, -3.37365837e+01, 3.36705981e+03, 1.17428357e+03,
       1.44675903e+03, 6.50433777e+02, -3.03635254e+02, -2.69477075e+03,
       -1.75694006e+03, -1.79572241e+03, -6.44578979e+02,
       -3.74594141e+03, -4.08604028e+03, -1.51394348e+03, 1.75382446e+03,
       5.46751758e+03, 4.88894092e+03, -1.94677026e+03, -4.75336572e+03,
       -3.14408594e+03, 1.80727600e+03, 4.50198975e+03, 7.61566696e+01,
       2.37847925e+03, 8.59493286e+02, 5.04812195e+02, -2.19089844e+03,
       2.37967627e+03, 3.96304346e+03, -3.97540063e+03, -8.35201416e+02,
       -3.43615991e+03, -2.35302148e+03, 5.39641309e+03, 4.61003076e+03,
       5.46268799e+03, 4.79749072e+03, -1.51752808e+02, -5.29309570e+03,
       -3.36663544e+02, 2.68783862e+03, -4.29032745e+02, -2.94290771e+03,
       2.00588586e+03, 1.77629114e+03, 3.73113861e+02, 3.65502258e+02,
       2.10525146e+03, 1.24759875e+03, -2.17958740e+03, -5.57944873e+03,
       -2.12323486e+03, 4.05405518e+02, -2.55503003e+03, -2.99906689e+03,
       2.74655908e+03, 2.23417871e+03, -5.31555322e+03, -6.25679199e+03,
       4.50145703e+03, 6.30595996e+03, -1.97684814e+03, -1.70931775e+03,
       2.87667529e+03, 4.84365820e+03, 7.28109497e+02, 2.73765198e+02,
       -1.96706885e+03, -3.34269604e+03, -4.43079688e+03,
       -6.19594287e+03, -1.46966650e+03, 1.39304688e+02, -2.57977051e+03,
       -3.35702148e+03, 3.05074219e+02, 2.10707959e+03, 1.51874915e+03,
       1.64026038e+03, -4.89499463e+03, 5.13544556e+02, 2.59844971e+03,
       2.52883472e+03, -4.98306305e+02, -1.00458136e+03, 5.45715271e+02,
       1.91419507e+03, -2.25713208e+03, -1.62046399e+03, 1.90326868e+03,
       2.23919312e+03, -3.23843921e+03, 1.10484814e+03, 4.18119727e+03,
       1.55234070e+03, -2.42419824e+03, -3.90667944e+03, 3.82954077e+03,
       1.68960742e+03, 2.91196021e+03, 5.63240771e+03, 5.41441504e+03,
       9.76640808e+02, -2.96615161e+03, -7.59287949e+01, 1.30339038e+03,
       -1.44312183e+03, 1.89274097e+03, 4.20994531e+03, 3.63973242e+03,
       1.14017017e+03, -9.38984131e+02, -1.07555115e+03, 2.59660083e+03,
       -1.19452771e+03, 3.43651294e+03, -4.80678223e+03, 4.60252625e+02,
       -6.78547180e+02, 1.97734473e+03, 9.40134705e+02, 1.19040259e+03,
       -1.20282849e+03, 4.96529492e+03, 5.69313431e+00, 2.26065527e+03,
       -7.66382568e+02, 3.97718628e+03, 6.78901489e+02, -4.83979675e+02,
       -2.22287012e+03, -1.79520776e+03, -9.04047913e+02, 2.46159424e+03,
       -2.44325409e+02, -3.17538647e+03, -5.17526270e+03, 1.09989124e+03,
       4.90753906e+02, -2.27327213e+01, 2.72725732e+03, -3.49735687e+02,
       3.31879852e+02, -1.60798291e+03, -2.81453467e+03, -5.19953979e+02,
       -7.39423462e+02, 8.16842163e+02, -1.02841235e+03, 6.66200928e+02,
       -2.86774994e+02, 9.40257812e+02, 7.88600525e+02, 4.35068994e+03,
       2.81036816e+03, 4.41012695e+02, 8.04526215e+01, -2.68271436e+03,
       -6.55837842e+03, -4.95912354e+02, 1.91896301e+03, 9.79047913e+02,
       -3.22203198e+03, -1.56169080e+03, 3.03421851e+03, -2.18267554e+03,
       -2.63321265e+03, -2.28220630e+03, -2.70096411e+03, 2.82979639e+03,
       2.28939185e+03, -2.77331055e+03, -2.38183252e+03, 7.99879700e+02,
       -3.09669525e+02, 3.48142285e+03, 5.57818164e+03, 1.72479541e+03,
       1.40556592e+03, -5.52085938e+02, 2.37182373e+03, 6.30229065e+02,
       -2.61105664e+03, 2.39778702e+02, 7.75405640e+02, -1.27448291e+03,
       -2.04585645e+03, -5.74953880e+01, 2.15425635e+03, -5.25445923e+02,
       -1.72641211e+03, -3.09433563e+02, 1.12362598e+03, -1.43198010e+03,
       -2.43580957e+03, -2.11283447e+03, -2.64553809e+03, 2.59087128e+02,
       5.08685791e+02, -4.87341095e+02, -3.16310028e+02, 2.09172070e+03,
       7.94234863e+02, -3.55840015e+03, -3.07856250e+03, 1.83907922e+03,
       1.78487842e+03, -3.61545837e+02, 4.55770569e+02, 9.61740112e+02,
       -1.31810620e+03, -3.43725903e+03, -2.15963818e+03, 8.22191772e+01,
       1.11841339e+02, 5.82068237e+02, 2.76745703e+03, -9.52084656e+02,
       9.61088135e+02, -4.99055664e+02, 2.36356470e+03, 3.04862817e+03,
       3.79512354e+03, -3.23678076e+03, 4.11264679e+02, 5.75894348e+02,
       -1.35673538e+02, -2.40098096e+03, -6.45974548e+02,
       -8.85228577e+02, -7.98443542e+02, 9.74552612e+02, -1.14552332e+03,
       6.39353821e+02, 6.04628113e+02, -1.66354446e+01, -1.20698196e+02,
       -4.17955742e+01, 3.06048981e+02, -1.73070984e+03, 6.08771912e+02,
       1.38528271e+03, -5.33006897e+02, 4.61032501e+02, 2.05057275e+03,
       -6.65024292e+02, -9.57489136e+02, -1.04800586e+03,
       -1.26059058e+03, -1.27961133e+03, 4.38998718e+01, -1.00411462e+03,
       4.86147491e+02, 8.24480408e+02, 1.62698035e+03, -7.68685364e+02,
       -2.50252655e+02, -1.04161026e+02, -8.56465515e+02,
       -2.29145093e+03, -2.91237842e+03, 5.19213074e+02, 2.05176416e+03,
       -1.63608240e+03, -9.20687561e+02, 3.09902077e+01, 1.25105688e+03,
       -4.95388428e+02, 1.99523340e+03, 2.34770340e+02, -3.03148407e+02,
       1.31288477e+03, 7.28969910e+02, -2.51417923e+02, -1.09029492e+03,
       3.24680023e+02, 1.16585645e+03, -3.07543427e+02, -4.37724640e+02,
       9.52384399e+02, 7.10050903e+02, -1.11830005e+03, -2.49625903e+03,
       -4.49124832e+01, -1.33731445e+03, -4.19746063e+02, 3.36192230e+02,
       1.17092383e+03, 1.46927222e+03, 6.20630554e+02, -1.01028326e+03,
       -1.41656235e+02, -3.94402222e+02, 5.55698425e+02, 1.04927600e+03,
       -1.52343848e+03, -7.76514160e+02, 2.34349243e+03, 3.90326392e+03,
       -8.77986298e+01, -4.53603638e+02, 6.45596191e+02, -1.24356274e+03,
       4.86565308e+02, 1.78556091e+03, -2.49916211e+03, -2.12492432e+03,
       -2.88447510e+02, -1.89434998e+02, -2.15264209e+03,
       -5.68413269e+02, 4.06008667e+02, -4.11199677e+02, -9.12662292e+02,
       7.36314697e+02, -1.02741235e+03, -1.47909912e+03, -1.73178589e+02,
       -4.08890381e+02, 5.79192932e+02, -1.03867334e+03, -8.59971924e+02,
       -2.34699438e+03, 1.36161926e+03, 1.61603699e+03, 6.59130371e+02,
       -2.76826807e+03, -2.19903534e+02, 9.36252808e+02, 1.80832153e+02,
       7.49873169e+02, -6.09412384e+00, 3.58047974e+02, 1.09849878e+03,
       1.09080786e+03, 6.40341125e+02, 4.37534149e+02, -1.29293274e+02,
       1.79256555e+03, 1.94783157e+02, 1.53294678e+02, -1.35014221e+03,
       -2.32083496e+03, -3.77999939e+02, -2.41327515e+03, 8.87635803e+02,
       4.70433105e+02, -7.11919128e+02, -3.40980133e+02, 1.03383203e+03,
       -7.16315796e+02, -5.38568787e+02, -2.96777283e+02,
       -3.63868896e+02, -4.52779022e+02, 1.91690723e+03, 4.57281677e+02,
       -3.75079529e+02, -5.75717896e+02, -3.37552551e+02, 8.19509705e+02,
       5.23635315e+02, -5.16346680e+02, 7.28973267e+02, 2.03561554e+02,
       8.72477112e+02, 2.38304688e+03, 3.43621887e+02, -4.32739990e+02,
       8.48179199e+02, -2.73893463e+02, -3.87893982e+02, -5.07379852e+02,
       9.38041931e+02, 2.18028296e+03, 1.23342566e+03, 2.58890930e+02,
       9.44515808e+02, 1.66753857e+03, 1.24722546e+03, -3.03440247e+02,
