%YAML:1.0
---
WeightsK: !!opencv-matrix
   rows: 29
   cols: 105
   dt: f
   data: [ -1.67439368e+03, -6.45200684e+02, -3.08824731e+03,
       -1.23377332e+03, -5.08192627e+02, -2.52044897e+03,
       -8.90982910e+02, 1.51941541e+03, 2.53551953e+03, 4.38941748e+03,
       1.79571472e+03, 5.97819141e+03, 1.95518054e+03, 3.16913477e+03,
       8.63942871e+03, 8.58673438e+03, 5.14958545e+03, 3.95539941e+03,
       8.39220117e+03, 1.17668655e+02, 7.15110596e+03, -1.83427844e+03,
       -3.60527679e+02, -5.45890686e+02, -9.26876404e+02,
       -1.27257727e+03, -2.71938623e+03, 2.77685547e+01, -4.84346143e+03,
       -4.50001172e+03, -4.81647510e+03, -4.60946582e+03,
       -4.87624756e+03, -3.83270361e+03, -4.74626904e+03,
       -3.14297998e+03, -5.31430713e+03, -4.10825244e+03,
       -2.64741309e+03, -7.09994580e+03, -5.50386963e+03,
       -4.71135156e+03, 2.93286914e+03, 5.14597656e+03, 8.69623535e+03,
       8.62958789e+03, 9.91813770e+03, 6.87137744e+03, 8.76360547e+03,
       6.74324756e+03, -1.83326099e+03, 6.13223438e+03, -3.42382202e+03,
       -6.06709656e+02, -2.28871021e+03, -1.79559265e+02, 1.29398938e+03,
       -9.94976440e+02, -1.37020081e+03, 3.22882690e+03, 2.12531433e+02,
       -1.22787341e+03, -3.47628735e+03, -2.91918555e+03,
       -4.75690521e+02, -1.08520874e+03, -1.25413696e+03,
       -6.66772827e+02, -4.57864600e+03, -2.16969458e+03,
       -8.81125098e+03, -1.02635645e+04, -1.05684873e+04,
       -5.74074316e+03, -6.77883350e+03, -1.23180791e+04,
       -7.33753857e+03, -4.70208203e+03, -8.07543555e+03,
       -7.06998438e+03, -5.67361621e+03, -5.58424609e+03,
       -6.66245850e+03, -5.12667578e+03, 5.82118652e+03, 6.23108203e+03,
       6.72514404e+03, 6.19279492e+03, 9.39949902e+03, 7.05445850e+03,
       6.45531104e+03, -1.79967322e+03, -1.63793250e+03, -2.00282031e+03,
       -8.04775391e+02, -2.90316406e+03, -3.58534302e+03,
       -4.22741602e+03, 6.30409375e+03, 9.53966504e+03, 8.30888867e+03,
       8.83959570e+03, 6.17166211e+03, 5.35831543e+03, 8.86559961e+03,
       1.31875574e+03, 5.44835876e+02, 1.56782605e+03, 1.49141052e+03,
       -5.89659195e+01, 2.46482202e+03, -9.93630371e+02, -1.68006921e+03,
       -2.00914941e+03, -3.08598706e+03, -1.87493176e+03,
       -3.18957764e+03, -1.90944226e+03, -3.44163232e+03,
       -1.38687012e+03, -2.72827563e+03, -9.78569458e+02,
       -9.51853882e+02, -2.91719458e+03, 2.56089380e+03, -4.29230762e+03,
       2.16411694e+03, -3.70713959e+02, -7.14908203e+02, -3.01571167e+02,
       1.06152393e+03, 5.61326782e+02, -2.15371582e+03, 9.05514062e+03,
       8.62935547e+03, 9.01637891e+03, 8.29153516e+03, 8.44643066e+03,
       7.78881934e+03, 8.74793164e+03, -6.69278027e+03, -2.77187573e+03,
       -4.29552441e+03, -6.07375049e+03, -3.16749512e+03,
       -4.43929883e+03, -5.95361133e+03, 1.62660608e+03, 1.52899841e+03,
       -1.75884338e+03, -8.58108643e+02, -1.72622083e+03,
       -1.42689185e+03, -2.62304077e+03, -2.49182275e+03, 5.37456885e+03,
       -2.48052612e+03, 6.00483936e+03, 4.12703516e+03, 5.17574707e+03,
       2.53746582e+03, 5.79991553e+03, 7.59538916e+03, 7.08117920e+03,
       3.22923730e+03, 4.58257568e+03, 7.19788232e+03, 6.40837891e+03,
       2.22974365e+02, -2.58557642e+03, -2.37668677e+03, -1.66603369e+03,
       -2.35609985e+03, 1.20710547e+03, -3.01992407e+03, -1.10240889e+04,
       -1.15000742e+04, -1.06341846e+04, -1.31742119e+04,
       -1.39097373e+04, -4.48660400e+03, -1.31880020e+04, 2.20835742e+03,
       6.30917529e+03, 3.36705981e+03, 2.67946045e+03, 2.04733301e+03,
       4.02892896e+03, 1.88548804e+03, 2.37910156e+03, 2.09058154e+03,
       1.06839343e+03, 1.86002344e+03, -6.87032959e+02, 1.17170923e+03,
       1.53363379e+03, 1.50256943e+02, 1.51538367e+03, -6.07900085e+02,
       -3.64699463e+02, 4.74488281e+02, 3.08069019e+03, 1.52374634e+03,
       -1.00182678e+03, -1.20252063e+03, -5.14447632e+02,
       -1.13819019e+03, -1.80474072e+03, -2.08054688e+03,
       -1.66252832e+03, -1.30005872e+03, -1.30183984e+03,
       -7.77651306e+02, -1.54541092e+02, -1.78008887e+03,
       -8.84107971e+02, -3.38462646e+03, -2.74377197e+03,
       -2.60727881e+03, -4.00130347e+03, -2.93368628e+03,
       -5.36646973e+03, -6.20403381e+02, -5.76111035e+03,
       -5.99421326e+02, -4.76693451e+02, 1.61758997e+03, 1.84038135e+03,
       -5.81223633e+02, 3.95639502e+03, -1.97544849e+03, 4.93119971e+03,
       5.43786914e+03, 5.18455811e+03, 5.41911816e+03, 5.04326514e+03,
       5.14226025e+03, 3.27292236e+03, -4.40644385e+03, -4.55743799e+03,
       -4.76477344e+03, -4.53163379e+03, -4.64630176e+03,
       -3.43461426e+03, -4.36035254e+03, -4.13986320e+01, 2.28145215e+03,
       1.80727600e+03, 1.06206201e+03, 1.77859387e+03, 1.39831506e+03,
       2.49581665e+03, 3.13317383e+03, 2.44241821e+03, 7.61566696e+01,
       1.10075830e+03, -2.73264862e+02, 2.92051074e+03, -1.17881714e+03,
       -5.16087695e+03, 1.10292749e+03, -4.95341797e+03, -8.11350159e+02,
       9.47930176e+02, 2.89247266e+03, 3.61781982e+03, -4.96257568e+02,
       -1.54192578e+03, -2.19089844e+03, -1.86602454e+03,
       -2.26581958e+03, -1.52994336e+03, -3.04046265e+03, 4.82824951e+03,
       2.70701074e+03, 3.20564868e+03, 4.05361621e+03, 3.22034180e+03,
       4.64264355e+03, 3.29190894e+03, -1.03594666e+03, -2.32169458e+03,
       -1.00504083e+03, -3.99739429e+03, -4.04468604e+03,
       -9.26015564e+02, -3.92558521e+03, -1.97860645e+03,
       -4.56650195e+03, -2.35302148e+03, -3.05934985e+03,
       -3.00264014e+03, -1.85272925e+03, -2.64862061e+03, 5.20728809e+03,
       5.16889502e+03, 4.98953857e+03, 5.04236865e+03, 1.83621899e+03,
       4.47479541e+03, 5.20897412e+03, 5.87405371e+03, 5.53677783e+03,
       4.68313965e+03, 5.58127832e+03, 5.10406201e+03, 4.73823340e+03,
       4.69145654e+03, -3.96011816e+03, -5.78479883e+03, -4.62112012e+03,
       -5.43465381e+03, -6.42621338e+03, -4.84695850e+03,
       -3.89634668e+03, 1.64469836e+03, 1.38350439e+03, 2.16540332e+03,
       1.46400867e+03, 1.37006909e+03, 2.47074414e+03, 3.04021997e+03,
       -1.38633740e+03, -1.25624463e+03, -3.07768701e+03,
       -1.82918933e+03, -2.08937720e+03, -1.72216882e+03,
       -3.18014893e+02, 7.20138306e+02, 2.89150269e+03, 1.93588354e+03,
       1.75687744e+03, 3.10581519e+03, 2.08507935e+03, 4.54532715e+03,
       9.32258301e+02, -3.87465820e+02, 3.69521667e+02, 5.86600037e+02,
       1.17999109e+03, 1.47054797e+03, 5.77803711e+02, 6.78870789e+02,
       2.35926956e+02, 4.22993073e+02, 2.14970337e+02, 5.54071167e+02,
       -6.05409431e+01, 5.45387268e+02, -6.31202246e+03, -4.50141699e+03,
       -5.57944873e+03, -5.99306738e+03, -3.19323291e+03,
       -4.93960400e+03, -5.03073389e+03, -4.60541650e+03,
       -1.87666382e+03, 4.05405518e+02, -8.26158569e+02, 6.15060913e+02,
       -5.23583008e+02, 2.76605347e+03, -2.75471338e+03, -3.39183105e+02,
       -2.80760498e+03, 7.79462524e+02, -1.14427319e+03, 1.32225439e+03,
       -7.90174377e+02, -5.98421997e+02, 1.62515308e+03, 2.23417871e+03,
       1.40569019e+03, 1.58649792e+03, 6.44761047e+01, 4.14162939e+03,
       -4.77527539e+03, -6.87263965e+03, -6.44456543e+03,
       -6.53634912e+03, -6.88213379e+03, -2.02238989e+03,
       -4.67015234e+03, 4.24488721e+03, 6.12418506e+03, 5.73896240e+03,
       3.10121729e+03, 4.35238135e+03, 8.31225293e+03, 4.90085938e+03,
       -3.78468945e+03, 2.73804626e+02, -1.70931775e+03, -1.50692969e+03,
       -2.20966577e+03, -1.30416943e+03, -2.69101099e+03, 4.07534473e+03,
       4.36696729e+03, 2.97179907e+03, 4.30943311e+03, 3.72354370e+03,
       3.90969360e+03, 5.24141797e+03, -3.40630341e+02, 1.11952527e+03,
       1.58674316e+01, 2.89080078e+02, 7.04500671e+02, 2.71102319e+03,
       2.40587915e+03, -3.68562476e+03, -9.25932251e+02, -8.74828491e+02,
       -7.34600464e+02, -3.25048853e+03, -4.10800488e+03, 1.08543005e+03,
       -7.24003857e+03, -6.56444092e+03, -7.67360107e+03,
       -5.34767822e+03, -7.69754199e+03, -6.62810449e+03,
